198,1713,244,1730
213,221,1135,1676
